635 1930
35340 36944
37064 37222
80796 81320
116228 117126
181241 181858
187572 188519
204026 204628
225321 226264
253371 253675
253846 255208
277520 279063
279231 279561
279800 280007
304551 305060
308851 309464
376674 377022
378020 378372
409994 411125
416439 417588
457086 457467
457715 458618
477777 478671
485168 486107
486794 487141
492867 493193
533584 534019
544563 544714
552415 553256
572248 572638
572789 573128
595859 596340
610611 610829
610915 611437
611694 611978
626130 627091
650725 651519
666173 667394
681874 682151
721999 723330
729730 730953
763492 764255
807596 807942
832405 833304
849429 850054
853900 855072
870954 871823
917363 918234
935664 937251
941561 942396
1041891 1042797
1120337 1120635
1208826 1217189
1223296 1223900
1228769 1229386
1256406 1256643
1276372 1276525
1408771 1409589
1416001 1416184
1426222 1426611
1441981 1442175
1470519 1471650
1483709 1484294
1489359 1489695
1490072 1490284
1496666 1497029
1497218 1497802
1504902 1505286
1506143 1506499
1515825 1516253
1544476 1544896
1561898 1563073
1577750 1578244
1579460 1579698
1580673 1582742
1585303 1586073
1594581 1594880
1603926 1604114
1633734 1633966
1642023 1643374
1671212 1671477
1678841 1679329
1698834 1699734
1702757 1703439
1704454 1705433
1736808 1738533
1752957 1753623
1760669 1761494
1791562 1792046
1806746 1807412
1817166 1817574
1832800 1833117
1836039 1836994
1858777 1859152
1869980 1870457
1885692 1886176
1987955 1988286
